$ANSIBLE_VAULT;1.1;AES256
31393564393631613363343664336635393337653965633763613738316664656135656332326132
3039313231653133616265396235386435353139393537370a366263396535373962356334633837
32336564373565303335363633393439306335653661663235633261333465353865663664353064
3761653463626664620a366530303535666235663364386533643933663734346439333934666531
62643365363733653565336538643534646663333530613934666139336366663937353139383233
36366265373861373561343534303436353765396662336632633738646463326633666161623532
65343861303533303136646337663663383563623661636438353131623934366436376139306162
34366664633231343634636236666333666332623532303761616138373931373637303138653661
62366531306534383164396632626538393734393130353731666331306530383636383539393839
32366237613066396165653665643463666461646565326664376132653461663232336662636365
32306638363565313233646464383635666332303162363831643039363261346334363434393033
31633262626561373666633661646663313761363662313237366630393934356264633438323532
65396533343062663762616338613036346131356264633961626465616235353565383039396139
34353833383834633238633739636431656130383563613939303165333432643134323737643936
66653466353766333164326265306636346461383866343538366634643764323264333935633033
39643135626638346538346538666562313830393363383738343061663665613363366437613961
35326632613838313633383137636330626434616262656434313234383266373739306234343335
39336538623630333338303364313135643965316162646530616464633163636361316661376163
65663634396333636437636562666438663764653939376133366365303833383833663338313262
33613661303238303438303661303839663266336562333438313331353037636238396235316165
30346362623532343332633464353163383664316332376337316461323739643164653137383337
61326366386634336537643637343737653166316166303734326137323831336162636130333065
38343832363364636463373334343037656361333435613434653932353538356563613662316231
61613465646339656237353434303538353738313239373963383632653765373961623164636633
33626633303033386137663739393335663130336632356539636439653035386362643937656438
3930353263353038666661316562643465333538333764313161
