$ANSIBLE_VAULT;1.1;AES256
63653665646139306234353230633234333364643836383233643835383134376666306133343739
6431343665356434363561613062616566373865316131350a373461653266656434653961386264
62363236646566636432633334616665636265343465386232323434333131636130343330363162
6263333535616633630a363334316337383463623461626366636466656132613965636532343063
39396463613362396632373235656333333166613963366263393263333538336561343362396131
37303634366436656162636339386266323439376433393539626663643663303735623231626332
36656636386233303339316437613965303236636234366234396666336430363338653132396133
66343732646161666230356166366435636361316134653733313161396566373830393635346530
35346562353033343039653961346339666632303466356561373633653165633963313333653935
39663462393730336232616139346435346162353062303434363263373137373766323233623031
35346535393535616632303466353539623666353936363633343264353430393562633837633461
62326166633339643036353161366535363633326331313730346539393761373239623763663336
32363536363539353039316634306333316163303663643334373639303064333231643239373839
34303966663764373961616632366166643464383337643237393038356635303533373365653033
63336335346262643435646134356465663439346638653661316362336663666631336536343133
61636362343736393262386136636537616230633139306631656439393563333833323336663233
33373865373039393161656538366330393037303135313336353933353830303632373933653436
30663863373333343165656431393462613465343466626139383237393030333530376538633332
39376566303163373931613964356662353433303537363665303936643235363531326163326335
32353438393835643539396131363735333530356165666234363631643366383761383466386266
61396137343739303766356365633037356433396630613264376437643966313634653465356539
32336161386138633062353865373164316336373530323931303032616263363165356438383234
62643631376631333430623663363837643066383632376134336562626132313031386565646235
65326634313631616439
