$ANSIBLE_VAULT;1.1;AES256
32643666386634363436353962343663623662623262653362633365656637343833316231623166
3164363464366230383834616636636238366237306434660a376333343266333462383532636465
35663765346165386366646262356466663534623831663938363538623937613639363363333137
6266633066346364320a393433363765633162613965356134353163393438653438306133666561
66653336626637633033326335353330313233343062373237656263383734613866393835663534
61386333323239653836396638333239373430326535366630303338623938373261313965356461
31643835323163316162323962393030373935306538333664323839653639376665316235626338
31663034636461623166306466326239643338663639323635373831656333353632393065323838
36343965363839646263316433306663643261356162353462643766386439653066366233303939
63626336303364663436353134613332613738653637636330386631656161326634353931633764
34363834653264346135653761643664366363636134623962646539623165383233373231346261
38616533383331383066396565616163313863613037393665363464313837663737303834616431
65333639363233353931316438623762626661643435316238326661306535393239313338326363
63643932303136373763373639356535663033663464353131303065396462356563363339613238
61616534396663393463313763656231326131333961353465306236323030623933663235383866
66616164366634383636316436633962373363323735323432333263653165316234363163313532
66333636623336366336376238653635333633633633336537663363383036653334646438383137
38313634663031633832303461303931393261626165343230373861323963366433306530613038
65316563663339303836323464393630343932313163373938366330666334643964663738333236
62373732303137633331643761313636666131333830343836353432343034356664333664383361
65656336303232656463376662343837613966343534393364356239346563343533656637343331
65616239306362356139653664313866353933353861653934333861346164663962626634346262
31343139336131343235393836656339393762333038333465636630316530356237386566393435
35623630656361643532316533643039633137303562313734663433343439383037373439363838
38343738393965303364636362616636363662313435306564613936643533313035323838623431
64306138366432343037616566383162613963346630643838653435623434373539326138653662
63326566313164363963366563636266616137613761373030336238383435666336386132623639
31663164393733613233376632333332623366333236666162356364316233363163383736663766
31396235306535316562636666613738386462613135613631663761363337623462386537353935
3963303834363235306365303836646166373866333737386663
